0	 1.00000e+00
0.0196078	 1.14288e+00
0.0392157	 1.25866e+00
0.0588235	 1.34459e+00
0.0784314	 1.39863e+00
0.0980392	 1.41950e+00
0.117647	 1.40671e+00
0.137255	 1.36056e+00
0.156863	 1.28213e+00
0.176471	 1.17331e+00
0.196078	 1.03665e+00
0.215686	 8.75410e-01
0.235294	 6.93409e-01
0.254902	 4.94964e-01
0.27451	 2.84779e-01
0.294118	 6.78410e-02
0.313725	-1.50706e-01
0.333333	-3.65679e-01
0.352941	-5.71980e-01
0.372549	-7.64715e-01
0.392157	-9.39315e-01
0.411765	-1.09164e+00
0.431373	-1.21807e+00
0.45098	-1.31562e+00
0.470588	-1.38196e+00
0.490196	-1.41553e+00
0.509804	-1.41553e+00
0.529412	-1.38196e+00
0.54902	-1.31562e+00
0.568627	-1.21807e+00
0.588235	-1.09164e+00
0.607843	-9.39315e-01
0.627451	-7.64715e-01
0.647059	-5.71980e-01
0.666667	-3.65679e-01
0.686275	-1.50706e-01
0.705882	 6.78410e-02
0.72549	 2.84779e-01
0.745098	 4.94964e-01
0.764706	 6.93409e-01
0.784314	 8.75410e-01
0.803922	 1.03665e+00
0.823529	 1.17331e+00
0.843137	 1.28213e+00
0.862745	 1.36056e+00
0.882353	 1.40671e+00
0.901961	 1.41950e+00
0.921569	 1.39863e+00
0.941176	 1.34459e+00
0.960784	 1.25866e+00
0.980392	 1.14288e+00
1	 1.00000e+00
